Excercise_120

C =

  Columns 1 through 8

    0.2060    0.2140    0.2110    0.2090    0.2130    0.2050    0.2070    0.2120

  Columns 9 through 11

    0.2060    0.2150    0.2020

mean of C
    0.2091

standard deviation of C
    0.0042

median of C
    0.2090

diary off
