transfusion(0.475)

ans =

    0.6992    0.2520    0.0488    0.4102    0.4438

transfusion(0.2)

ans =

    0.6992    0.2520    0.0488    0.2180    0.6360

diary off
